2 0.124 0.736 0.156 0.20266666666666666
2 0.276 0.632 0.152 0.16
2 0.597 0.7266666666666667 0.166 0.15733333333333333
2 0.689 0.6413333333333333 0.11 0.11466666666666667
2 0.465 0.5733333333333334 0.118 0.144
2 0.323 0.35333333333333333 0.098 0.088
2 0.461 0.30933333333333335 0.082 0.048
2 0.555 0.312 0.042 0.09066666666666667
2 0.6 0.34933333333333333 0.036 0.10666666666666667
2 0.748 0.3453333333333333 0.048 0.088
2 0.878 0.42 0.076 0.050666666666666665
2 0.431 0.176 0.078 0.06933333333333333
2 0.36 0.15466666666666667 0.06 0.048
