2 0.241 0.6728723404255319 0.242 0.1595744680851064
2 0.177 0.6675531914893617 0.218 0.13829787234042554
2 0.594 0.6343085106382979 0.16 0.125
2 0.498 0.6223404255319149 0.056 0.07446808510638298
2 0.791 0.5718085106382979 0.066 0.0851063829787234
2 0.744 0.5664893617021277 0.044 0.0851063829787234
2 0.84 0.5438829787234043 0.028 0.061170212765957445
0 0.434 0.6196808510638298 0.08 0.19148936170212766
0 0.702 0.5465425531914894 0.04 0.15691489361702127
0 0.893 0.5226063829787234 0.026 0.07180851063829788
0 0.862 0.5319148936170213 0.028 0.0851063829787234
0 0.809 0.511968085106383 0.03 0.0398936170212766
