2 0.551 0.38266666666666665 0.118 0.09866666666666667
2 0.387 0.37466666666666665 0.15 0.10933333333333334
2 0.347 0.43333333333333335 0.174 0.07733333333333334
2 0.08 0.4786666666666667 0.1 0.07733333333333334
2 0.522 0.728 0.488 0.416
2 0.265 0.8546666666666667 0.454 0.2906666666666667
2 0.888 0.7706666666666667 0.224 0.45866666666666667
2 0.145 0.6546666666666666 0.278 0.3546666666666667
2 0.525 0.916 0.47 0.168
2 0.748 0.5186666666666667 0.312 0.21066666666666667
2 0.593 0.5106666666666667 0.13 0.09333333333333334
0 0.906 0.396 0.116 0.30133333333333334
