2 0.508 0.6306306306306306 0.12 0.2882882882882883
2 0.579 0.6216216216216216 0.078 0.21621621621621623
2 0.623 0.6021021021021021 0.086 0.21921921921921922
2 0.664 0.6006006006006006 0.064 0.2222222222222222
2 0.403 0.6171171171171171 0.09 0.24924924924924924
2 0.232 0.524024024024024 0.052 0.0990990990990991
2 0.298 0.5285285285285285 0.076 0.07807807807807808
2 0.171 0.5915915915915916 0.07 0.21021021021021022
2 0.266 0.6411411411411412 0.084 0.23123123123123124
2 0.33 0.6921921921921922 0.092 0.2552552552552553
0 0.232 0.45345345345345345 0.032 0.03003003003003003
