2 0.195 0.6286407766990292 0.222 0.32524271844660196
2 0.385 0.5388349514563107 0.05 0.11650485436893204
2 0.522 0.5728155339805825 0.092 0.1650485436893204
2 0.563 0.5242718446601942 0.07 0.14563106796116504
2 0.656 0.5388349514563107 0.064 0.18446601941747573
2 0.61 0.5388349514563107 0.024 0.07766990291262135
2 0.747 0.5339805825242718 0.038 0.06796116504854369
2 0.843 0.5339805825242718 0.022 0.08737864077669903
2 0.328 0.5558252427184466 0.06 0.12135922330097088
2 0.883 0.5194174757281553 0.022 0.05825242718446602
2 0.863 0.529126213592233 0.022 0.08737864077669903
