0 0.963125 0.9375 0.07375 0.125
0 0.0175 0.25416666666666665 0.035 0.5083333333333333
0 0.406875 0.7966666666666666 0.14375 0.4066666666666667
0 0.46625 0.17833333333333334 0.12 0.35333333333333333
0 0.17125 0.055 0.095 0.11
0 0.315 0.09 0.115 0.18
0 0.713125 0.175 0.10125 0.35
0 0.625625 0.1575 0.12375 0.315
0 0.381875 0.2225 0.10125 0.445
0 0.063125 0.17333333333333334 0.12375 0.3466666666666667
0 0.191875 0.5958333333333333 0.15375 0.48833333333333334
0 0.526875 0.5016666666666667 0.17375 0.5933333333333334
