0 0.37625 0.4411111111111111 0.0725 0.6022222222222222
0 0.61625 0.41888888888888887 0.0875 0.6866666666666666
0 0.7525 0.4255555555555556 0.1075 0.7177777777777777
0 0.885 0.43222222222222223 0.085 0.7
0 0.436875 0.5055555555555555 0.08375 0.6466666666666666
0 0.5025 0.4011111111111111 0.0975 0.7311111111111112
0 0.328125 0.5111111111111111 0.10625 0.6355555555555555
0 0.6825 0.5188888888888888 0.0925 0.6733333333333333
0 0.565625 0.5311111111111111 0.10625 0.6444444444444445
0 0.821875 0.5244444444444445 0.12625 0.7288888888888889
