0 0.956875 0.3788888888888889 0.08625 0.5977777777777777
0 0.901875 0.37 0.10375 0.5755555555555556
0 0.17625 0.5355555555555556 0.1375 0.7733333333333333
0 0.83875 0.34555555555555556 0.0825 0.5577777777777778
0 0.731875 0.3422222222222222 0.07375 0.5244444444444445
0 0.629375 0.35777777777777775 0.07125 0.52
0 0.684375 0.3466666666666667 0.07375 0.52
0 0.57 0.36333333333333334 0.1025 0.5933333333333334
0 0.358125 0.5066666666666667 0.30875 0.8755555555555555
0 0.480625 0.3433333333333333 0.08625 0.5666666666666667
