0 0.156875 0.5566666666666666 0.09875 0.3233333333333333
0 0.60125 0.43833333333333335 0.0375 0.20666666666666667
0 0.64125 0.43 0.04 0.19666666666666666
0 0.506875 0.4558333333333333 0.05625 0.205
0 0.669375 0.43416666666666665 0.03875 0.19833333333333333
0 0.565 0.4425 0.05 0.21833333333333332
0 0.300625 0.44666666666666666 0.05125 0.23
0 0.343125 0.445 0.05125 0.21666666666666667
0 0.901875 0.41833333333333333 0.04375 0.18666666666666668
0 0.745 0.44416666666666665 0.065 0.25166666666666665
0 0.804375 0.43583333333333335 0.07875 0.215
