0 0.3016666666666667 0.03875 0.02 0.0275
0 0.4891666666666667 0.0275 0.021666666666666667 0.0275
0 0.985 0.193125 0.03 0.12125
0 0.8225 0.155625 0.028333333333333332 0.05875
0 0.19833333333333333 0.049375 0.02 0.02625
0 0.4975 0.13875 0.028333333333333332 0.0375
0 0.35833333333333334 0.1275 0.02666666666666667 0.035
0 0.22916666666666666 0.1075 0.035 0.0375
0 0.4166666666666667 0.140625 0.03333333333333333 0.05875
0 0.25333333333333335 0.088125 0.03 0.06125
0 0.8933333333333333 0.17875 0.05 0.0825
0 0.795 0.155 0.05333333333333334 0.0625
0 0.30583333333333335 0.559375 0.18166666666666667 0.36125
0 0.3308333333333333 0.121875 0.035 0.04125
0 0.09833333333333333 0.18875 0.06333333333333334 0.11
