0 0.40625 0.7433333333333333 0.0975 0.36666666666666664
0 0.235625 0.9716666666666667 0.11875 0.056666666666666664
0 0.4425 0.9566666666666667 0.1225 0.08666666666666667
0 0.0325 0.6516666666666666 0.065 0.38333333333333336
0 0.17375 0.7625 0.1075 0.35833333333333334
0 0.0425 0.9125 0.085 0.175
0 0.156875 0.9 0.12125 0.2
0 0.648125 0.30583333333333335 0.11625 0.3283333333333333
0 0.575625 0.24833333333333332 0.07375 0.2733333333333333
0 0.355 0.5466666666666666 0.0925 0.33
0 0.283125 0.5758333333333333 0.08125 0.335
