0 0.835 0.2822222222222222 0.05 0.4
0 0.694375 0.27111111111111114 0.04375 0.3288888888888889
0 0.659375 0.31666666666666665 0.04875 0.33111111111111113
0 0.559375 0.27111111111111114 0.04375 0.3022222222222222
0 0.794375 0.32555555555555554 0.04875 0.3622222222222222
0 0.910625 0.27666666666666667 0.04625 0.3888888888888889
0 0.861875 0.3288888888888889 0.07125 0.38222222222222224
0 0.601875 0.31555555555555553 0.05875 0.3244444444444444
0 0.754375 0.26666666666666666 0.05875 0.36444444444444446
0 0.435 0.47333333333333333 0.1 0.5644444444444444
